24.902344	-37.93	113.61	0.18
26.367188	-36.13	90.5	0.28
27.832031	-28.27	56.89	0.39
29.296875	-27.1	55.76	0.48
30.761719	-22.72	10.33	0.62
32.226563	-22.05	-6.32	0.7
33.691406	-18.25	-35.7	0.77
35.15625	-16.35	-58.6	0.79
36.621094	-15.07	-85.14	0.85
38.085938	-13.01	-108.87	0.86
39.550781	-11.27	-132.34	0.9
41.015625	-8.87	-150.38	0.93
42.480469	-6.63	-176.27	0.92
43.945313	-4.25	154.64	0.94
45.410156	-3.0	124.14	0.94
46.875	-1.58	93.32	0.95
48.339844	-1.21	63.07	0.95
49.804688	-0.85	40.26	0.96
51.269531	-0.21	9.76	0.96
52.734375	0.21	-11.93	0.97
54.199219	0.47	-40.11	0.97
55.664063	0.44	-59.62	0.98
57.128906	0.93	-81.49	0.97
58.59375	1.58	-104.64	0.98
60.058594	1.82	-123.51	0.97
61.523438	2.02	-147.62	0.98
62.988281	2.05	-168.19	0.98
64.453125	1.56	171.56	0.98
65.917969	1.33	156.93	0.98
67.382813	0.61	141.11	0.98
68.847656	-0.39	126.11	0.99
70.3125	-0.72	118.29	0.99
71.777344	-0.37	111.92	0.99
73.242188	-0.09	103.48	0.99
74.707031	0.45	92.54	0.98
76.171875	1.07	82.54	0.99
77.636719	1.29	68.2	0.99
79.101563	0.91	56.91	0.98
80.566406	0.58	44.13	0.99
82.03125	-0.02	38.99	0.99
83.496094	0.09	33.24	0.99
84.960938	0.28	25.47	0.99
86.425781	0.44	16.97	0.99
87.890625	0.53	8.16	0.99
89.355469	-0.14	-0.82	0.99
90.820313	-0.46	-5.39	1.0
92.285156	-0.3	-8.66	1.0
93.75	0.12	-14.0	0.99
95.214844	0.39	-21.86	0.99
96.679688	0.04	-29.93	0.99
98.144531	-0.4	-34.44	1.0
99.609375	-0.47	-36.07	1.0
101.074219	-0.19	-40.0	1.0
102.539063	0.11	-46.17	1.0
104.003906	0.09	-53.97	1.0
105.46875	-0.4	-58.95	0.99
106.933594	-0.65	-62.51	1.0
108.398438	-0.63	-65.31	1.0
109.863281	-0.47	-67.46	1.0
111.328125	-0.32	-73.06	0.99
112.792969	-0.39	-79.07	0.99
114.257813	-0.8	-82.22	0.99
115.722656	-1.16	-84.91	0.99
117.1875	-1.18	-85.8	0.99
118.652344	-0.89	-89.9	0.99
120.117188	-0.78	-93.4	0.99
121.582031	-1.26	-98.35	0.99
123.046875	-1.75	-99.48	1.0
124.511719	-1.83	-99.39	1.0
125.976563	-1.86	-99.97	1.0
127.441406	-1.6	-102.35	1.0
128.90625	-1.45	-105.44	1.0
130.371094	-1.7	-108.03	1.0
131.835938	-1.75	-109.87	0.99
133.300781	-2.09	-111.57	0.99
134.765625	-2.23	-111.05	1.0
136.230469	-2.15	-110.38	1.0
137.695313	-2.23	-110.95	1.0
139.160156	-2.17	-110.92	1.0
140.625	-2.21	-110.31	1.0
143.554688	-1.53	-110.12	1.0
146.484375	-1.27	-112.83	1.0
149.414063	-1.39	-112.73	1.0
152.34375	-0.6	-108.06	0.99
155.273438	0.92	-110.98	0.99
158.203125	1.68	-116.24	1.0
161.132813	2.21	-122.36	1.0
164.0625	2.29	-127.99	1.0
166.992188	2.28	-129.85	1.0
169.921875	2.79	-131.31	1.0
172.851563	3.21	-136.25	1.0
175.78125	3.2	-140.89	1.0
178.710938	3.13	-144.13	1.0
181.640625	3.21	-146.3	1.0
184.570313	3.25	-149.14	1.0
187.5	3.22	-151.23	1.0
190.429688	3.31	-154.04	1.0
193.359375	2.83	-156.99	1.0
196.289063	2.74	-156.48	1.0
199.21875	2.87	-157.97	1.0
202.148438	2.67	-160.6	1.0
205.078125	2.42	-161.38	1.0
208.007813	1.96	-161.72	1.0
210.9375	1.76	-158.94	1.0
213.867188	2.21	-155.83	1.0
216.796875	2.7	-156.06	1.0
219.726563	2.9	-157.54	1.0
222.65625	3.08	-157.6	1.0
225.585938	3.34	-157.5	1.0
228.515625	3.74	-157.93	1.0
231.445313	4.25	-160.15	1.0
234.375	4.29	-165.81	1.0
237.304688	4.0	-166.27	1.0
240.234375	4.33	-165.45	1.0
243.164063	4.62	-168.4	1.0
246.09375	4.62	-171.51	1.0
249.023438	4.49	-174.19	1.0
251.953125	4.1	-175.7	1.0
254.882813	4.09	-174.74	1.0
257.8125	4.64	-176.98	1.0
260.742188	4.21	177.43	1.0
263.671875	3.48	176.51	1.0
266.601563	3.14	178.69	1.0
269.53125	3.16	179.49	1.0
272.460938	3.27	-179.88	1.0
275.390625	3.43	177.79	1.0
278.320313	2.88	176.51	1.0
281.25	2.51	179.85	1.0
287.109375	3.21	-178.78	1.0
292.96875	3.36	178.75	1.0
298.828125	3.67	179.0	1.0
304.6875	4.11	173.67	1.0
310.546875	3.72	170.62	1.0
316.40625	3.74	166.86	1.0
322.265625	3.3	162.63	1.0
328.125	2.85	160.24	1.0
333.984375	2.09	156.77	1.0
339.84375	1.46	157.09	1.0
345.703125	0.96	156.79	1.0
351.5625	0.25	158.39	1.0
357.421875	0.26	162.15	1.0
363.28125	0.4	162.21	1.0
369.140625	0.74	164.32	1.0
375.0	1.4	161.09	1.0
380.859375	1.39	157.72	1.0
386.71875	1.65	154.0	0.99
392.578125	0.98	148.91	0.99
398.4375	0.95	149.27	1.0
404.296875	0.84	145.11	0.99
410.15625	0.21	145.44	0.99
416.015625	0.82	144.45	0.99
421.875	0.48	139.37	1.0
427.734375	0.48	139.09	1.0
433.59375	0.28	134.07	0.99
439.453125	-0.13	134.18	1.0
445.3125	0.12	132.92	0.99
451.171875	-0.06	131.05	0.99
457.03125	0.45	128.02	0.99
462.890625	-0.03	121.31	0.99
468.75	-0.64	121.13	1.0
474.609375	-1.07	116.61	0.99
480.46875	-2.47	120.5	0.99
486.328125	-2.09	125.74	0.99
492.1875	-2.31	126.44	0.99
498.046875	-1.92	134.03	0.98
503.90625	-0.37	132.71	0.99
509.765625	0.2	130.07	0.99
515.625	1.44	126.7	0.99
521.484375	1.65	118.98	0.99
527.34375	2.01	116.5	0.99
533.203125	2.17	110.12	0.99
539.0625	1.86	106.52	0.99
544.921875	1.9	100.37	0.99
550.78125	0.93	98.12	0.99
556.640625	0.82	96.83	0.99
562.5	0.25	92.97	0.99
574.21875	-0.24	95.31	0.99
585.9375	-0.4	95.3	0.99
597.65625	0.08	94.94	0.99
609.375	0.24	90.84	0.99
621.09375	0.41	87.75	0.99
632.8125	0.64	87.83	0.99
644.53125	1.54	86.05	0.99
656.25	2.65	79.15	0.98
667.96875	3.19	67.22	0.98
679.6875	2.86	56.04	0.98
691.40625	1.76	49.22	0.98
703.125	1.39	48.33	0.99
714.84375	1.39	48.44	0.99
726.5625	1.75	47.73	0.99
738.28125	2.3	43.67	0.99
750.0	2.6	38.13	0.99
761.71875	2.76	32.3	0.99
773.4375	2.82	26.83	0.99
785.15625	2.9	21.28	0.99
796.875	2.86	15.02	0.98
808.59375	2.59	6.52	0.98
820.3125	1.88	-0.1	0.98
832.03125	0.78	-3.63	0.98
843.75	-0.3	-0.96	0.98
855.46875	-0.1	1.82	0.98
867.1875	0.45	3.19	0.98
878.90625	0.9	1.48	0.98
890.625	1.43	-3.6	0.98
902.34375	1.72	-7.77	0.98
914.0625	1.82	-13.43	0.99
925.78125	2.01	-18.58	0.99
937.5	2.06	-23.64	0.99
949.21875	2.03	-28.83	0.99
960.9375	1.79	-33.94	0.99
972.65625	1.31	-36.83	0.99
984.375	0.99	-36.63	0.99
996.09375	1.13	-36.01	0.99
1007.8125	1.4	-36.66	0.99
1019.53125	1.73	-34.95	0.99
1031.25	2.72	-34.32	0.99
1042.96875	3.89	-36.46	0.99
1054.6875	4.68	-40.63	0.99
1066.40625	5.35	-48.07	0.99
1078.125	5.63	-54.99	0.99
1089.84375	5.62	-60.12	0.99
1101.5625	5.78	-62.42	0.99
1113.28125	5.91	-66.27	0.99
1125.0	5.83	-69.38	0.99
1148.4375	5.59	-76.28	0.99
1171.875	5.16	-80.57	0.99
1195.3125	4.65	-84.41	0.99
1218.75	4.06	-87.28	0.99
1242.1875	3.56	-91.03	0.98
1265.625	2.92	-93.38	0.98
1289.0625	2.28	-91.52	0.98
1312.5	2.62	-90.05	0.98
1335.9375	3.07	-97.13	0.98
1359.375	2.59	-106.33	0.98
1382.8125	1.31	-108.53	0.98
1406.25	1.37	-106.2	0.98
1429.6875	1.72	-111.9	0.98
1453.125	1.46	-118.87	0.98
1476.5625	1.08	-122.47	0.98
1500.0	0.61	-124.42	0.98
1523.4375	0.43	-122.8	0.98
1546.875	1.22	-123.7	0.98
1570.3125	1.4	-131.88	0.98
1593.75	0.22	-138.77	0.97
1617.1875	-0.4	-130.78	0.97
1640.625	0.9	-129.51	0.97
1664.0625	1.01	-138.79	0.98
1687.5	0.67	-143.32	0.98
1710.9375	0.18	-145.6	0.98
1734.375	-0.24	-151.03	0.97
1757.8125	-1.14	-153.95	0.97
1781.25	-2.23	-152.54	0.97
1804.6875	-2.54	-152.24	0.97
1828.125	-3.25	-151.7	0.97
1851.5625	-3.55	-148.05	0.97
1875.0	-3.21	-146.11	0.97
1898.4375	-2.9	-146.78	0.97
1921.875	-2.51	-148.31	0.97
1945.3125	-2.29	-150.64	0.97
1968.75	-2.46	-152.74	0.97
1992.1875	-2.4	-151.28	0.97
2015.625	-1.92	-150.19	0.97
2039.0625	-1.23	-150.6	0.97
2062.5	-0.69	-154.8	0.97
2085.9375	-0.45	-160.71	0.97
2109.375	-0.65	-166.18	0.97
2132.8125	-1.27	-168.29	0.97
2156.25	-1.58	-171.21	0.97
2179.6875	-2.27	-170.94	0.97
2203.125	-2.62	-169.5	0.97
2226.5625	-2.64	-169.08	0.97
2250.0	-2.67	-170.48	0.97
2296.875	-2.6	-171.96	0.97
2343.75	-2.91	-177.13	0.96
2390.625	-3.4	-177.13	0.97
2437.5	-3.43	-175.35	0.96
2484.375	-3.07	-174.52	0.96
2531.25	-3.13	-179.33	0.96
2578.125	-3.55	176.7	0.96
2625.0	-4.12	175.36	0.96
2671.875	-4.53	177.57	0.96
2718.75	-4.7	179.94	0.96
2765.625	-4.71	-179.72	0.96
2812.5	-4.67	-178.79	0.96
2859.375	-4.57	-177.46	0.96
2906.25	-4.41	-177.16	0.96
2953.125	-4.42	-178.41	0.96
3000.0	-4.79	-179.13	0.95
3046.875	-5.12	-176.78	0.95
3093.75	-5.22	-174.15	0.95
3140.625	-5.15	-172.25	0.95
3187.5	-4.98	-172.1	0.95
3234.375	-4.99	-171.78	0.95
3281.25	-5.02	-172.12	0.94
3328.125	-5.0	-171.42	0.95
3375.0	-4.93	-172.44	0.95
3421.875	-5.12	-173.61	0.94
3468.75	-5.27	-173.93	0.94
3515.625	-5.17	-171.54	0.94
3562.5	-4.54	-169.56	0.94
3609.375	-3.81	-170.07	0.94
3656.25	-3.25	-171.92	0.94
3703.125	-2.92	-173.35	0.94
3750.0	-2.7	-172.84	0.94
3796.875	-2.2	-172.32	0.94
3843.75	-1.74	-173.19	0.93
3890.625	-1.65	-175.77	0.93
3937.5	-1.83	-177.09	0.93
3984.375	-2.08	-177.21	0.93
4031.25	-2.19	-176.61	0.93
4078.125	-2.25	-176.3	0.93
4125.0	-2.27	-176.7	0.93
4171.875	-2.5	-178.5	0.92
4218.75	-2.86	-179.22	0.92
4265.625	-3.13	-177.69	0.92
4312.5	-3.07	-175.77	0.92
4359.375	-2.93	-176.56	0.92
4406.25	-2.88	-177.61	0.91
4453.125	-2.97	-178.32	0.91
4500.0	-2.85	-177.48	0.91
4593.75	-2.07	-178.85	0.9
4687.5	-1.27	179.99	0.9
4781.25	-0.33	177.6	0.89
4875.0	-0.04	174.02	0.89
4968.75	-0.36	173.19	0.89
5062.5	-0.52	172.49	0.88
5156.25	-0.84	172.17	0.88
5250.0	-0.93	172.29	0.88
5343.75	-1.09	169.95	0.87
5437.5	-1.51	169.18	0.87
5531.25	-1.67	169.11	0.87
5625.0	-2.05	171.45	0.86
5718.75	-1.73	175.8	0.86
5812.5	-1.08	176.59	0.86
5906.25	-0.86	177.1	0.84
6000.0	-0.46	178.23	0.84
6093.75	-0.06	177.59	0.83
6187.5	-0.11	175.18	0.83
6281.25	-0.1	174.32	0.83
6375.0	-0.03	173.28	0.82
6468.75	0.09	171.28	0.81
6562.5	0.3	169.5	0.81
6656.25	0.36	166.86	0.8
6750.0	0.25	162.9	0.8
6843.75	-0.43	160.84	0.79
6937.5	-1.28	160.82	0.79
7031.25	-1.75	161.47	0.79
7125.0	-2.13	160.99	0.79
7218.75	-2.6	159.0	0.77
7312.5	-3.01	157.71	0.77
7406.25	-3.43	156.59	0.76
7500.0	-3.65	156.61	0.76
7593.75	-3.67	157.31	0.75
7687.5	-3.51	158.17	0.75
7781.25	-3.36	157.76	0.75
7875.0	-3.49	155.18	0.74
7968.75	-4.29	153.08	0.73
8062.5	-5.34	155.44	0.72
8156.25	-5.92	160.54	0.72
8250.0	-5.91	166.29	0.7
8343.75	-5.28	169.94	0.7
8437.5	-4.51	169.36	0.7
8531.25	-3.93	167.62	0.69
8625.0	-3.19	165.5	0.69
8718.75	-2.59	162.47	0.7
8812.5	-2.21	159.03	0.7
8906.25	-2.05	156.19	0.68
9000.0	-2.09	153.89	0.67
9187.5	-3.2	149.57	0.65
9375.0	-5.5	153.31	0.64
9562.5	-5.93	166.77	0.62
9750.0	-4.02	175.17	0.6
9937.5	-1.81	175.39	0.59
10125.0	-0.06	170.94	0.59
10312.5	0.34	163.5	0.59
10500.0	-0.18	157.72	0.57
10687.5	-0.59	153.67	0.55
10875.0	-0.58	145.46	0.54
11062.5	-1.36	136.37	0.54
11250.0	-2.9	130.69	0.52
11437.5	-5.18	134.05	0.5
11625.0	-6.17	147.54	0.48
11812.5	-4.71	159.78	0.48
12000.0	-2.58	156.75	0.48
12187.5	-1.6	142.49	0.47
12375.0	-2.55	129.47	0.46
12562.5	-4.24	127.96	0.44
12750.0	-4.05	133.54	0.37
12937.5	-3.3	128.46	0.38
13125.0	-3.79	119.14	0.41
13312.5	-5.21	111.32	0.41
13500.0	-7.42	114.18	0.38
13687.5	-8.07	126.5	0.36
13875.0	-7.55	130.08	0.35
14062.5	-7.77	130.19	0.34
14250.0	-7.55	133.61	0.32
14437.5	-6.34	133.92	0.32
14625.0	-5.85	125.13	0.32
14812.5	-6.66	110.59	0.32
15000.0	-9.46	97.83	0.34
15187.5	-13.15	106.75	0.33
15375.0	-13.25	131.6	0.29
15562.5	-11.44	140.8	0.28
15750.0	-10.25	142.52	0.27
15937.5	-9.64	141.23	0.27
16125.0	-9.6	136.34	0.27
16312.5	-9.78	133.52	0.3
16500.0	-10.04	128.53	0.32
16687.5	-11.39	123.19	0.32
16875.0	-13.01	130.84	0.28
17062.5	-12.6	142.96	0.27
17250.0	-11.72	145.6	0.27
17437.5	-11.47	149.79	0.28
17625.0	-10.18	148.91	0.31
17812.5	-10.35	138.31	0.33
18000.0	-11.96	133.37	0.31
18187.5	-13.2	140.97	0.3
18375.0	-12.21	145.41	0.3
18562.5	-11.36	136.68	0.31
18750.0	-12.3	128.2	0.32
18937.5	-13.78	130.05	0.33
19125.0	-14.55	133.83	0.34
19312.5	-14.98	135.29	0.35
19500.0	-15.77	135.93	0.35
19687.5	-17.25	144.97	0.34
19875.0	-18.23	163.64	0.34
20062.5	-13.5	178.07	0.36
20250.0	-12.45	-173.28	0.34
20437.5	-10.41	-175.15	0.36
20625.0	-10.17	168.09	0.38
20812.5	-13.1	155.26	0.38
21000.0	-16.48	166.41	0.36
21187.5	-16.57	173.24	0.39
21375.0	-18.61	162.73	0.4
21562.5	-22.78	167.76	0.39
21750.0	-26.13	-174.74	0.38
21937.5	-28.85	-154.6	0.38
22125.0	-29.52	-130.12	0.38
22312.5	-28.35	-114.38	0.4
22500.0	-25.98	-115.02	0.42
22687.5	-25.07	-132.66	0.43
22875.0	-26.76	-158.35	0.44
23062.5	-30.16	-178.33	0.43
23250.0	-34.89	169.84	0.38
23437.5	-39.41	168.71	0.31
23625.0	-42.32	163.12	0.26
23812.5	-45.92	152.73	0.17
